2,1 3,90 2,2 3,90 2,1 3,90 2,2 3,90 2,1
1,0 3,90 2,1 1,1 4,135 2,3 3,135 2,2 3,180 2,2 3,90
2,1 3,90 2,1 3,45 2,3 4,135 2,1 1,0 4,90 2,2 3,90
2,1 3,135 2,3 4,135 2,1 3,135 2,3 1,0 3,135 2,2 3,90 2,1
3,90 2,1 4,90 2,1 3,90 2,1 3,180 2,2 3,90
1,0 3,90 2,2 4,90 1,1 2,1 4,90 2,1 4,90 2,1 3,90 2,1 3,90 2,1
1,0 3,90 2,1 1,1 2,1 4,90 2,1 4,90 2,1 4,90 2,1 3,135 2,3 3,45
2,1 3,135 2,3 4,45 2,1 1,0 3,180 2,2 3,90 2,1
2,1 3,90 2,2 3,90 2,1 3,90 2,2 4,180 2,1 4,90 2,1 4,90 2,1 3,90
2,1 3,90 2,1 3,45 2,3 3,180 2,3 4,135 2,1 3,90 2,1 3,90 2,1
1(0-1) не рисовать, рисовать
2(1-3) идет вперед на 1,2,кор(2) стороны
3159 вправо поворот на 159
4159 влево поворот на 159